#Layer_Color=9474304
#
#Feature symbol names
#
$0 r5
$1 r6.6666

#
#Feature attribute names
#

#
#Layer features
#
A 1.3540926 2.3076629 1.3540926 2.3076629 1.3340926 2.3076629 1 P 0 N
A 1.4525178 2.3076629 1.4525178 2.3076629 1.4325178 2.3076629 1 P 0 N
L 0.0981102 0.0981102 0.0981102 0.1381102 0 P 0
L 0.0981102 0.0981102 0.1381102 0.0981102 0 P 0
L 0.0981102 0.1381102 0.1381102 0.1381102 0 P 0
L 0.0981102 2.4209449 0.0981102 2.4609449 0 P 0
L 0.0981102 2.4209449 0.1381102 2.4209449 0 P 0
L 0.0981102 2.4609449 0.1381102 2.4609449 0 P 0
L 0.1381102 0.0981102 0.1381102 0.1381102 0 P 0
L 0.1381102 2.4209449 0.1381102 2.4609449 0 P 0
L 0.3422047 1.2050394 0.3622047 1.1650394 0 P 0
L 0.3422047 1.2050394 0.3822047 1.2050394 0 P 0
L 0.3422047 1.3034646 0.3622047 1.2634646 0 P 0
L 0.3422047 1.3034646 0.3822047 1.3034646 0 P 0
L 0.3622047 1.1650394 0.3822047 1.2050394 0 P 0
L 0.3622047 1.2634646 0.3822047 1.3034646 0 P 0
L 0.4603149 1.6302362 0.4803149 1.5902362 0 P 0
L 0.4603149 1.6302362 0.5003149 1.6302362 0 P 0
L 0.4603149 1.7286614 0.4803149 1.6886614 0 P 0
L 0.4603149 1.7286614 0.5003149 1.7286614 0 P 0
L 0.4803149 1.5902362 0.5003149 1.6302362 0 P 0
L 0.4803149 1.6886614 0.5003149 1.7286614 0 P 0
L 0.483937 1.8625197 0.503937 1.8225197 0 P 0
L 0.483937 1.8625197 0.523937 1.8625197 0 P 0
L 0.483937 2.000315 0.503937 1.960315 0 P 0
L 0.483937 2.000315 0.523937 2.000315 0 P 0
L 0.483937 2.0987402 0.503937 2.0587402 0 P 0
L 0.483937 2.0987402 0.523937 2.0987402 0 P 0
L 0.5020322 1.9428497 0.5220322 1.9028497 0 P 0
L 0.5020322 1.9428497 0.5420322 1.9428497 0 P 0
L 0.503937 1.8225197 0.523937 1.8625197 0 P 0
L 0.503937 1.960315 0.523937 2.000315 0 P 0
L 0.503937 2.0587402 0.523937 2.0987402 0 P 0
L 0.5220322 1.9028497 0.5420322 1.9428497 0 P 0
L 0.5587401 1.6302362 0.5787401 1.5902362 0 P 0
L 0.5587401 1.6302362 0.5987401 1.6302362 0 P 0
L 0.5587401 1.7286614 0.5787401 1.6886614 0 P 0
L 0.5587401 1.7286614 0.5987401 1.7286614 0 P 0
L 0.5787401 1.5902362 0.5987401 1.6302362 0 P 0
L 0.5787401 1.6886614 0.5987401 1.7286614 0 P 0
L 0.5823622 1.8625197 0.6023622 1.8225197 0 P 0
L 0.5823622 1.8625197 0.6223622 1.8625197 0 P 0
L 0.5823622 1.9609449 0.6023622 1.9209449 0 P 0
L 0.5823622 1.9609449 0.6223622 1.9609449 0 P 0
L 0.5823622 2.000315 0.6023622 1.960315 0 P 0
L 0.5823622 2.000315 0.6223622 2.000315 0 P 0
L 0.5823622 2.0987402 0.6023622 2.0587402 0 P 0
L 0.5823622 2.0987402 0.6223622 2.0987402 0 P 0
L 0.6023622 1.8225197 0.6223622 1.8625197 0 P 0
L 0.6023622 1.9209449 0.6223622 1.9609449 0 P 0
L 0.6023622 1.960315 0.6223622 2.000315 0 P 0
L 0.6023622 2.0587402 0.6223622 2.0987402 0 P 0
L 0.6296063 0.4097638 0.6496063 0.3697638 0 P 0
L 0.6296063 0.4097638 0.6696063 0.4097638 0 P 0
L 0.6296063 0.508189 0.6496063 0.468189 0 P 0
L 0.6296063 0.508189 0.6696063 0.508189 0 P 0
L 0.6335433 2.000315 0.6535433 1.960315 0 P 0
L 0.6335433 2.000315 0.6735433 2.000315 0 P 0
L 0.6335433 2.0987402 0.6535433 2.0587402 0 P 0
L 0.6335433 2.0987402 0.6735433 2.0987402 0 P 0
L 0.6496063 0.3697638 0.6696063 0.4097638 0 P 0
L 0.6496063 0.468189 0.6696063 0.508189 0 P 0
L 0.6535433 1.960315 0.6735433 2.000315 0 P 0
L 0.6535433 2.0587402 0.6735433 2.0987402 0 P 0
L 0.6571653 0.1420473 0.6771653 0.1020473 0 P 0
L 0.6571653 0.1420473 0.6971653 0.1420473 0 P 0
L 0.6571653 0.1853544 0.6771653 0.1453544 0 P 0
L 0.6571653 0.1853544 0.6971653 0.1853544 0 P 0
L 0.6771653 0.1020473 0.6971653 0.1420473 0 P 0
L 0.6771653 0.1453544 0.6971653 0.1853544 0 P 0
L 0.6807873 1.8658269 0.6907873 1.8858269 0 P 0
L 0.6807873 1.8658269 0.7007873 1.8758269 0 P 0
L 0.6807873 1.9058269 0.6907873 1.8858269 0 P 0
L 0.6807873 1.9058269 0.7007873 1.8958269 0 P 0
L 0.6847244 1.4766929 0.7047244 1.4366929 0 P 0
L 0.6847244 1.4766929 0.7247244 1.4766929 0 P 0
L 0.7004724 1.1223622 0.7204724 1.0823622 0 P 0
L 0.7004724 1.1223622 0.7404724 1.1223622 0 P 0
L 0.7004724 1.2207874 0.7204724 1.1807874 0 P 0
L 0.7004724 1.2207874 0.7404724 1.2207874 0 P 0
L 0.7007873 1.8758269 0.7207873 1.8658269 0 P 0
L 0.7007873 1.8958269 0.7207873 1.9058269 0 P 0
L 0.7047244 1.4366929 0.7247244 1.4766929 0 P 0
L 0.7107873 1.8858269 0.7207873 1.8658269 0 P 0
L 0.7107873 1.8858269 0.7207873 1.9058269 0 P 0
L 0.7204724 1.0823622 0.7404724 1.1223622 0 P 0
L 0.7204724 1.1807874 0.7404724 1.2207874 0 P 0
L 0.7240945 0.1420473 0.7440945 0.1020473 0 P 0
L 0.7240945 0.1420473 0.7640945 0.1420473 0 P 0
L 0.7240945 0.1853544 0.7440945 0.1453544 0 P 0
L 0.7240945 0.1853544 0.7640945 0.1853544 0 P 0
L 0.7280315 0.4097638 0.7480315 0.3697638 0 P 0
L 0.7280315 0.4097638 0.7680315 0.4097638 0 P 0
L 0.7280315 0.508189 0.7480315 0.468189 0 P 0
L 0.7280315 0.508189 0.7680315 0.508189 0 P 0
L 0.7319685 2.000315 0.7519685 1.960315 0 P 0
L 0.7319685 2.000315 0.7719685 2.000315 0 P 0
L 0.7319685 2.0987402 0.7519685 2.0587402 0 P 0
L 0.7319685 2.0987402 0.7719685 2.0987402 0 P 0
L 0.7440945 0.1020473 0.7640945 0.1420473 0 P 0
L 0.7440945 0.1453544 0.7640945 0.1853544 0 P 0
L 0.7480315 0.3697638 0.7680315 0.4097638 0 P 0
L 0.7480315 0.468189 0.7680315 0.508189 0 P 0
L 0.7519685 1.960315 0.7719685 2.000315 0 P 0
L 0.7519685 2.0587402 0.7719685 2.0987402 0 P 0
L 0.7674015 2.3658269 0.7774015 2.3858269 0 P 0
L 0.7674015 2.3658269 0.7874015 2.3758269 0 P 0
L 0.7674015 2.4058269 0.7774015 2.3858269 0 P 0
L 0.7674015 2.4058269 0.7874015 2.3958269 0 P 0
L 0.7831496 1.4766929 0.8031496 1.4366929 0 P 0
L 0.7831496 1.4766929 0.8231496 1.4766929 0 P 0
L 0.7874015 2.3758269 0.8074015 2.3658269 0 P 0
L 0.7874015 2.3958269 0.8074015 2.4058269 0 P 0
L 0.7974015 2.3858269 0.8074015 2.3658269 0 P 0
L 0.7974015 2.3858269 0.8074015 2.4058269 0 P 0
L 0.7988976 1.1223622 0.8188976 1.0823622 0 P 0
L 0.7988976 1.1223622 0.8388976 1.1223622 0 P 0
L 0.7988976 1.2207874 0.8188976 1.1807874 0 P 0
L 0.7988976 1.2207874 0.8388976 1.2207874 0 P 0
L 0.8031496 1.4366929 0.8231496 1.4766929 0 P 0
L 0.8188976 1.0823622 0.8388976 1.1223622 0 P 0
L 0.8188976 1.1807874 0.8388976 1.2207874 0 P 0
L 0.8461417 0.9688189 0.8661417 0.9288189 0 P 0
L 0.8461417 0.9688189 0.8861417 0.9688189 0 P 0
L 0.8461417 1.0672441 0.8661417 1.0272441 0 P 0
L 0.8461417 1.0672441 0.8861417 1.0672441 0 P 0
L 0.8500787 1.2798425 0.8700787 1.2398425 0 P 0
L 0.8500787 1.2798425 0.8900787 1.2798425 0 P 0
L 0.8500787 1.3782677 0.8700787 1.3382677 0 P 0
L 0.8500787 1.3782677 0.8900787 1.3782677 0 P 0
L 0.8658267 1.8658269 0.8758267 1.8858269 0 P 0
L 0.8658267 1.8658269 0.8858267 1.8758269 0 P 0
L 0.8658267 1.9058269 0.8758267 1.8858269 0 P 0
L 0.8658267 1.9058269 0.8858267 1.8958269 0 P 0
L 0.8661417 0.9288189 0.8861417 0.9688189 0 P 0
L 0.8661417 1.0272441 0.8861417 1.0672441 0 P 0
L 0.8700787 1.2398425 0.8900787 1.2798425 0 P 0
L 0.8700787 1.3382677 0.8900787 1.3782677 0 P 0
L 0.8858267 1.8758269 0.9058267 1.8658269 0 P 0
L 0.8858267 1.8958269 0.9058267 1.9058269 0 P 0
L 0.8958267 1.8858269 0.9058267 1.8658269 0 P 0
L 0.8958267 1.8858269 0.9058267 1.9058269 0 P 0
L 0.9445669 0.9688189 0.9645669 0.9288189 0 P 0
L 0.9445669 0.9688189 0.9845669 0.9688189 0 P 0
L 0.9445669 1.0672441 0.9645669 1.0272441 0 P 0
L 0.9445669 1.0672441 0.9845669 1.0672441 0 P 0
L 0.9485039 1.2798425 0.9685039 1.2398425 0 P 0
L 0.9485039 1.2798425 0.9885039 1.2798425 0 P 0
L 0.9485039 1.3782677 0.9685039 1.3382677 0 P 0
L 0.9485039 1.3782677 0.9885039 1.3782677 0 P 0
L 0.9642519 2.3658269 0.9742519 2.3858269 0 P 0
L 0.9642519 2.3658269 0.9842519 2.3758269 0 P 0
L 0.9642519 2.4058269 0.9742519 2.3858269 0 P 0
L 0.9642519 2.4058269 0.9842519 2.3958269 0 P 0
L 0.9645669 0.9288189 0.9845669 0.9688189 0 P 0
L 0.9645669 1.0272441 0.9845669 1.0672441 0 P 0
L 0.9685039 1.2398425 0.9885039 1.2798425 0 P 0
L 0.9685039 1.3382677 0.9885039 1.3782677 0 P 0
L 0.9842519 2.3758269 1.0042519 2.3658269 0 P 0
L 0.9842519 2.3958269 1.0042519 2.4058269 0 P 0
L 0.9942519 2.3858269 1.0042519 2.3658269 0 P 0
L 0.9942519 2.3858269 1.0042519 2.4058269 0 P 0
L 1.007559 1.1262992 1.027559 1.0862992 0 P 0
L 1.007559 1.1262992 1.047559 1.1262992 0 P 0
L 1.007559 1.2247244 1.027559 1.1847244 0 P 0
L 1.007559 1.2247244 1.047559 1.2247244 0 P 0
L 1.027559 1.0862992 1.047559 1.1262992 0 P 0
L 1.027559 1.1847244 1.047559 1.2247244 0 P 0
L 1.0508661 1.8658269 1.0608661 1.8858269 0 P 0
L 1.0508661 1.8658269 1.0708661 1.8758269 0 P 0
L 1.0508661 1.9058269 1.0608661 1.8858269 0 P 0
L 1.0508661 1.9058269 1.0708661 1.8958269 0 P 0
L 1.0708661 1.8758269 1.0908661 1.8658269 0 P 0
L 1.0708661 1.8958269 1.0908661 1.9058269 0 P 0
L 1.0808661 1.8858269 1.0908661 1.8658269 0 P 0
L 1.0808661 1.8858269 1.0908661 1.9058269 0 P 0
L 1.0902362 0.4255118 1.1102362 0.3855118 0 P 0
L 1.0902362 0.4255118 1.1302362 0.4255118 0 P 0
L 1.0902362 0.523937 1.1102362 0.483937 0 P 0
L 1.0902362 0.523937 1.1302362 0.523937 0 P 0
L 1.0981102 0.2168504 1.1181102 0.1768504 0 P 0
L 1.0981102 0.2168504 1.1381102 0.2168504 0 P 0
L 1.1059842 1.1262992 1.1259842 1.0862992 0 P 0
L 1.1059842 1.1262992 1.1459842 1.1262992 0 P 0
L 1.1059842 1.2247244 1.1259842 1.1847244 0 P 0
L 1.1059842 1.2247244 1.1459842 1.2247244 0 P 0
L 1.1102362 0.3855118 1.1302362 0.4255118 0 P 0
L 1.1102362 0.483937 1.1302362 0.523937 0 P 0
L 1.1181102 0.1768504 1.1381102 0.2168504 0 P 0
L 1.1259842 1.0862992 1.1459842 1.1262992 0 P 0
L 1.1259842 1.1847244 1.1459842 1.2247244 0 P 0
L 1.1374803 1.3467717 1.1574803 1.3067717 0 P 0
L 1.1374803 1.3467717 1.1774803 1.3467717 0 P 0
L 1.1374803 1.4451969 1.1574803 1.4051969 0 P 0
L 1.1374803 1.4451969 1.1774803 1.4451969 0 P 0
L 1.1574803 1.3067717 1.1774803 1.3467717 0 P 0
L 1.1574803 1.4051969 1.1774803 1.4451969 0 P 0
L 1.1886614 0.2168504 1.2086614 0.1768504 0 P 0
L 1.1886614 0.2168504 1.2286614 0.2168504 0 P 0
L 1.1886614 0.4255118 1.2086614 0.3855118 0 P 0
L 1.1886614 0.4255118 1.2286614 0.4255118 0 P 0
L 1.1886614 0.523937 1.2086614 0.483937 0 P 0
L 1.1886614 0.523937 1.2286614 0.523937 0 P 0
L 1.2086614 0.1768504 1.2286614 0.2168504 0 P 0
L 1.2086614 0.3855118 1.2286614 0.4255118 0 P 0
L 1.2086614 0.483937 1.2286614 0.523937 0 P 0
L 1.2359055 1.3467717 1.2559055 1.3067717 0 P 0
L 1.2359055 1.3467717 1.2759055 1.3467717 0 P 0
L 1.2359055 1.4467866 1.2559055 1.4067866 0 P 0
L 1.2359055 1.4467866 1.2759055 1.4467866 0 P 0
L 1.2398425 1.8703937 1.2598425 1.8303937 0 P 0
L 1.2398425 1.8703937 1.2798425 1.8703937 0 P 0
L 1.2559055 1.3067717 1.2759055 1.3467717 0 P 0
L 1.2559055 1.4067866 1.2759055 1.4467866 0 P 0
L 1.2598425 1.8303937 1.2798425 1.8703937 0 P 0
L 1.3382677 1.8703937 1.3582677 1.8303937 0 P 0
L 1.3382677 1.8703937 1.3782677 1.8703937 0 P 0
L 1.3582677 1.8303937 1.3782677 1.8703937 0 P 0
L 1.3894488 1.1735433 1.4094488 1.1335433 0 P 0
L 1.3894488 1.1735433 1.4294488 1.1735433 0 P 0
L 1.3894488 1.2247244 1.4094488 1.1847244 0 P 0
L 1.3894488 1.2247244 1.4294488 1.2247244 0 P 0
L 1.3933858 1.8703937 1.4133858 1.8303937 0 P 0
L 1.3933858 1.8703937 1.4333858 1.8703937 0 P 0
L 1.4094488 1.1335433 1.4294488 1.1735433 0 P 0
L 1.4094488 1.1847244 1.4294488 1.2247244 0 P 0
L 1.4133858 1.8303937 1.4333858 1.8703937 0 P 0
L 1.491811 1.8703937 1.511811 1.8303937 0 P 0
L 1.491811 1.8703937 1.531811 1.8703937 0 P 0
L 1.507559 2.3310236 1.527559 2.2910236 0 P 0
L 1.507559 2.3310236 1.547559 2.3310236 0 P 0
L 1.511811 1.8303937 1.531811 1.8703937 0 P 0
L 1.527559 2.2910236 1.547559 2.3310236 0 P 0
L 1.5587401 2.1696063 1.5787401 2.1296063 0 P 0
L 1.5587401 2.1696063 1.5987401 2.1696063 0 P 0
L 1.5587401 2.2680315 1.5787401 2.2280315 0 P 0
L 1.5587401 2.2680315 1.5987401 2.2680315 0 P 0
L 1.5787401 2.1296063 1.5987401 2.1696063 0 P 0
L 1.5787401 2.2280315 1.5987401 2.2680315 0 P 0
L 1.5823622 0.3507087 1.6023622 0.3107087 0 P 0
L 1.5823622 0.3507087 1.6223622 0.3507087 0 P 0
L 1.6023622 0.3107087 1.6223622 0.3507087 0 P 0
L 1.6059842 1.0514961 1.6259842 1.0114961 0 P 0
L 1.6059842 1.0514961 1.6459842 1.0514961 0 P 0
L 1.6059842 1.1459843 1.6259842 1.1059843 0 P 0
L 1.6059842 1.1459843 1.6459842 1.1459843 0 P 0
L 1.6059842 2.3310236 1.6259842 2.2910236 0 P 0
L 1.6059842 2.3310236 1.6459842 2.3310236 0 P 0
L 1.6259842 1.0114961 1.6459842 1.0514961 0 P 0
L 1.6259842 1.1059843 1.6459842 1.1459843 0 P 0
L 1.6259842 2.2910236 1.6459842 2.3310236 0 P 0
L 1.6571653 2.1696063 1.6771653 2.1296063 0 P 0
L 1.6571653 2.1696063 1.6971653 2.1696063 0 P 0
L 1.6571653 2.2680315 1.6771653 2.2280315 0 P 0
L 1.6571653 2.2680315 1.6971653 2.2680315 0 P 0
L 1.6771653 2.1296063 1.6971653 2.1696063 0 P 0
L 1.6771653 2.2280315 1.6971653 2.2680315 0 P 0
L 1.7359055 1.4727559 1.7559055 1.4327559 0 P 0
L 1.7359055 1.4727559 1.7759055 1.4727559 0 P 0
L 1.7359055 1.5711811 1.7559055 1.5311811 0 P 0
L 1.7359055 1.5711811 1.7759055 1.5711811 0 P 0
L 1.7559055 1.4327559 1.7759055 1.4727559 0 P 0
L 1.7559055 1.5311811 1.7759055 1.5711811 0 P 0
L 1.7595275 0.6538583 1.7795275 0.6138583 0 P 0
L 1.7595275 0.6538583 1.7995275 0.6538583 0 P 0
L 1.7595275 0.6932284 1.7795275 0.6532284 0 P 0
L 1.7595275 0.6932284 1.7995275 0.6932284 0 P 0
L 1.7795275 0.6138583 1.7995275 0.6538583 0 P 0
L 1.7795275 0.6532284 1.7995275 0.6932284 0 P 0
L 1.7949606 1.9373229 1.8149606 1.8973229 0 P 0
L 1.7949606 1.9373229 1.8349606 1.9373229 0 P 0
L 1.7949606 2.0357481 1.8149606 1.9957481 0 P 0
L 1.7949606 2.0357481 1.8349606 2.0357481 0 P 0
L 1.8149606 1.8973229 1.8349606 1.9373229 0 P 0
L 1.8149606 1.9957481 1.8349606 2.0357481 0 P 0
L 1.8343307 1.4727559 1.8543307 1.4327559 0 P 0
L 1.8343307 1.4727559 1.8743307 1.4727559 0 P 0
L 1.8343307 1.5711811 1.8543307 1.5311811 0 P 0
L 1.8343307 1.5711811 1.8743307 1.5711811 0 P 0
L 1.8540157 0.9373229 1.8740157 0.8973229 0 P 0
L 1.8540157 0.9373229 1.8940157 0.9373229 0 P 0
L 1.8540157 1.0357481 1.8740157 0.9957481 0 P 0
L 1.8540157 1.0357481 1.8940157 1.0357481 0 P 0
L 1.8543307 1.4327559 1.8743307 1.4727559 0 P 0
L 1.8543307 1.5311811 1.8743307 1.5711811 0 P 0
L 1.8740157 0.8973229 1.8940157 0.9373229 0 P 0
L 1.8740157 0.9957481 1.8940157 1.0357481 0 P 0
L 1.8933858 1.9373229 1.9133858 1.8973229 0 P 0
L 1.8933858 1.9373229 1.9333858 1.9373229 0 P 0
L 1.8933858 2.0357481 1.9133858 1.9957481 0 P 0
L 1.8933858 2.0357481 1.9333858 2.0357481 0 P 0
L 1.9133858 1.8973229 1.9333858 1.9373229 0 P 0
L 1.9133858 1.9957481 1.9333858 2.0357481 0 P 0
L 1.9524409 0.9373229 1.9724409 0.8973229 0 P 0
L 1.9524409 0.9373229 1.9924409 0.9373229 0 P 0
L 1.9524409 1.0357481 1.9724409 0.9957481 0 P 0
L 1.9524409 1.0357481 1.9924409 1.0357481 0 P 0
L 1.968189 0.531811 1.988189 0.491811 0 P 0
L 1.968189 0.531811 2.008189 0.531811 0 P 0
L 1.9724409 0.8973229 1.9924409 0.9373229 0 P 0
L 1.9724409 0.9957481 1.9924409 1.0357481 0 P 0
L 1.988189 0.491811 2.008189 0.531811 0 P 0
L 2.0557645 0.6036178 2.0757645 0.5636178 0 P 0
L 2.0557645 0.6036178 2.0957645 0.6036178 0 P 0
L 2.0757645 0.5636178 2.0957645 0.6036178 0 P 0
L 2.0862992 1.3388977 2.1062992 1.2988977 0 P 0
L 2.0862992 1.3388977 2.1262992 1.3388977 0 P 0
L 2.0862992 1.4137008 2.1062992 1.3737008 0 P 0
L 2.0862992 1.4137008 2.1262992 1.4137008 0 P 0
L 2.0902362 0.8861418 2.1102362 0.8461418 0 P 0
L 2.0902362 0.8861418 2.1302362 0.8861418 0 P 0
L 2.0902362 0.984567 2.1102362 0.944567 0 P 0
L 2.0902362 0.984567 2.1302362 0.984567 0 P 0
L 2.1062992 1.2988977 2.1262992 1.3388977 0 P 0
L 2.1062992 1.3737008 2.1262992 1.4137008 0 P 0
L 2.1102362 0.8461418 2.1302362 0.8861418 0 P 0
L 2.1102362 0.944567 2.1302362 0.984567 0 P 0
L 2.1296063 0.3310236 2.1496063 0.2910236 0 P 0
L 2.1296063 0.3310236 2.1696063 0.3310236 0 P 0
L 2.1374803 0.1499213 2.1574803 0.1099213 0 P 0
L 2.1374803 0.1499213 2.1774803 0.1499213 0 P 0
L 2.1374803 0.2522834 2.1574803 0.2122834 0 P 0
L 2.1374803 0.2522834 2.1774803 0.2522834 0 P 0
L 2.1496063 0.2910236 2.1696063 0.3310236 0 P 0
L 2.1574803 0.1099213 2.1774803 0.1499213 0 P 0
L 2.1574803 0.2122834 2.1774803 0.2522834 0 P 0
L 2.1847244 1.3388977 2.2047244 1.2988977 0 P 0
L 2.1847244 1.3388977 2.2247244 1.3388977 0 P 0
L 2.1847244 1.4137008 2.2047244 1.3737008 0 P 0
L 2.1847244 1.4137008 2.2247244 1.4137008 0 P 0
L 2.1886614 0.8861418 2.2086614 0.8461418 0 P 0
L 2.1886614 0.8861418 2.2286614 0.8861418 0 P 0
L 2.1886614 0.984567 2.2086614 0.944567 0 P 0
L 2.1886614 0.984567 2.2286614 0.984567 0 P 0
L 2.2047244 1.2988977 2.2247244 1.3388977 0 P 0
L 2.2047244 1.3737008 2.2247244 1.4137008 0 P 0
L 2.2086614 0.8461418 2.2286614 0.8861418 0 P 0
L 2.2086614 0.944567 2.2286614 0.984567 0 P 0
L 2.2280315 0.3310236 2.2480315 0.2910236 0 P 0
L 2.2280315 0.3310236 2.2680315 0.3310236 0 P 0
L 2.2359055 0.1499213 2.2559055 0.1099213 0 P 0
L 2.2359055 0.1499213 2.2759055 0.1499213 0 P 0
L 2.2359055 0.2522834 2.2559055 0.2122834 0 P 0
L 2.2359055 0.2522834 2.2759055 0.2522834 0 P 0
L 2.2480315 0.2910236 2.2680315 0.3310236 0 P 0
L 2.2559055 0.1099213 2.2759055 0.1499213 0 P 0
L 2.2559055 0.2122834 2.2759055 0.2522834 0 P 0
L 2.2831496 1.0436221 2.3031496 1.0036221 0 P 0
L 2.2831496 1.0436221 2.3231496 1.0436221 0 P 0
L 2.2831496 1.1420473 2.3031496 1.1020473 0 P 0
L 2.2831496 1.1420473 2.3231496 1.1420473 0 P 0
L 2.2831496 1.1971654 2.3031496 1.1571654 0 P 0
L 2.2831496 1.1971654 2.3231496 1.1971654 0 P 0
L 2.2831496 1.2955906 2.3031496 1.2555906 0 P 0
L 2.2831496 1.2955906 2.3231496 1.2955906 0 P 0
L 2.3031496 1.0036221 2.3231496 1.0436221 0 P 0
L 2.3031496 1.1020473 2.3231496 1.1420473 0 P 0
L 2.3031496 1.1571654 2.3231496 1.1971654 0 P 0
L 2.3031496 1.2555906 2.3231496 1.2955906 0 P 0
L 2.3815748 1.0436221 2.4015748 1.0036221 0 P 0
L 2.3815748 1.0436221 2.4215748 1.0436221 0 P 0
L 2.3815748 1.1420473 2.4015748 1.1020473 0 P 0
L 2.3815748 1.1420473 2.4215748 1.1420473 0 P 0
L 2.3815748 1.1971654 2.4015748 1.1571654 0 P 0
L 2.3815748 1.1971654 2.4215748 1.1971654 0 P 0
L 2.3815748 1.2955906 2.4015748 1.2555906 0 P 0
L 2.3815748 1.2955906 2.4215748 1.2955906 0 P 0
L 2.4015748 1.0036221 2.4215748 1.0436221 0 P 0
L 2.4015748 1.1020473 2.4215748 1.1420473 0 P 0
L 2.4015748 1.1571654 2.4215748 1.1971654 0 P 0
L 2.4015748 1.2555906 2.4215748 1.2955906 0 P 0
L 2.4209449 0.0981102 2.4209449 0.1381102 0 P 0
L 2.4209449 0.0981102 2.4609449 0.0981102 0 P 0
L 2.4209449 0.1381102 2.4609449 0.1381102 0 P 0
L 2.4209449 2.4209449 2.4209449 2.4609449 0 P 0
L 2.4209449 2.4209449 2.4609449 2.4209449 0 P 0
L 2.4209449 2.4609449 2.4609449 2.4609449 0 P 0
L 2.4609449 0.0981102 2.4609449 0.1381102 0 P 0
L 2.4609449 2.4209449 2.4609449 2.4609449 0 P 0
