#Layer_Color=9474304
#
#Feature symbol names
#
$0 r5

#
#Feature attribute names
#

#
#Layer features
#
L 0.0551181 0.1181102 0.1811023 0.1181102 0 P 0
L 0.0551181 2.4409449 0.1811023 2.4409449 0 P 0
L 0.1181102 0.0551181 0.1181102 0.1811023 0 P 0
L 0.1181102 2.3779528 0.1181102 2.503937 0 P 0
L 0.3543307 1.1850394 0.3700787 1.1850394 0 P 0
L 0.3543307 1.2834646 0.3700787 1.2834646 0 P 0
L 0.3622047 1.1771654 0.3622047 1.1929134 0 P 0
L 0.3622047 1.2755906 0.3622047 1.2913386 0 P 0
L 0.4724409 1.6102362 0.4881889 1.6102362 0 P 0
L 0.4724409 1.7086614 0.4881889 1.7086614 0 P 0
L 0.4803149 1.6023622 0.4803149 1.6181102 0 P 0
L 0.4803149 1.7007874 0.4803149 1.7165354 0 P 0
L 0.496063 1.8425197 0.511811 1.8425197 0 P 0
L 0.496063 1.980315 0.511811 1.980315 0 P 0
L 0.496063 2.0787402 0.511811 2.0787402 0 P 0
L 0.503937 1.8346457 0.503937 1.8503937 0 P 0
L 0.503937 1.972441 0.503937 1.988189 0 P 0
L 0.503937 2.0708662 0.503937 2.0866142 0 P 0
L 0.5141582 1.9228497 0.5299062 1.9228497 0 P 0
L 0.5220322 1.9149757 0.5220322 1.9307237 0 P 0
L 0.5708661 1.6102362 0.5866141 1.6102362 0 P 0
L 0.5708661 1.7086614 0.5866141 1.7086614 0 P 0
L 0.5787401 1.6023622 0.5787401 1.6181102 0 P 0
L 0.5787401 1.7007874 0.5787401 1.7165354 0 P 0
L 0.5944882 1.8425197 0.6102362 1.8425197 0 P 0
L 0.5944882 1.9409449 0.6102362 1.9409449 0 P 0
L 0.5944882 1.980315 0.6102362 1.980315 0 P 0
L 0.5944882 2.0787402 0.6102362 2.0787402 0 P 0
L 0.6023622 1.8346457 0.6023622 1.8503937 0 P 0
L 0.6023622 1.9330709 0.6023622 1.9488189 0 P 0
L 0.6023622 1.972441 0.6023622 1.988189 0 P 0
L 0.6023622 2.0708662 0.6023622 2.0866142 0 P 0
L 0.6417323 0.3897638 0.6574803 0.3897638 0 P 0
L 0.6417323 0.488189 0.6574803 0.488189 0 P 0
L 0.6456693 1.980315 0.6614173 1.980315 0 P 0
L 0.6456693 2.0787402 0.6614173 2.0787402 0 P 0
L 0.6496063 0.3818898 0.6496063 0.3976378 0 P 0
L 0.6496063 0.480315 0.6496063 0.496063 0 P 0
L 0.6535433 1.972441 0.6535433 1.988189 0 P 0
L 0.6535433 2.0708662 0.6535433 2.0866142 0 P 0
L 0.6653543 1.8858269 0.7362203 1.8858269 0 P 0
L 0.6692913 0.1220473 0.6850393 0.1220473 0 P 0
L 0.6692913 0.1653544 0.6850393 0.1653544 0 P 0
L 0.6771653 0.1141733 0.6771653 0.1299213 0 P 0
L 0.6771653 0.1574804 0.6771653 0.1732284 0 P 0
L 0.6968504 1.4566929 0.7125984 1.4566929 0 P 0
L 0.7007873 1.8503939 0.7007873 1.9212599 0 P 0
L 0.7047244 1.4488189 0.7047244 1.4645669 0 P 0
L 0.7125984 1.1023622 0.7283464 1.1023622 0 P 0
L 0.7125984 1.2007874 0.7283464 1.2007874 0 P 0
L 0.7204724 1.0944882 0.7204724 1.1102362 0 P 0
L 0.7204724 1.1929134 0.7204724 1.2086614 0 P 0
L 0.7362205 0.1220473 0.7519685 0.1220473 0 P 0
L 0.7362205 0.1653544 0.7519685 0.1653544 0 P 0
L 0.7401575 0.3897638 0.7559055 0.3897638 0 P 0
L 0.7401575 0.488189 0.7559055 0.488189 0 P 0
L 0.7440945 0.1141733 0.7440945 0.1299213 0 P 0
L 0.7440945 0.1574804 0.7440945 0.1732284 0 P 0
L 0.7440945 1.980315 0.7598425 1.980315 0 P 0
L 0.7440945 2.0787402 0.7598425 2.0787402 0 P 0
L 0.7480315 0.3818898 0.7480315 0.3976378 0 P 0
L 0.7480315 0.480315 0.7480315 0.496063 0 P 0
L 0.7519685 1.972441 0.7519685 1.988189 0 P 0
L 0.7519685 2.0708662 0.7519685 2.0866142 0 P 0
L 0.7519685 2.3858269 0.8228345 2.3858269 0 P 0
L 0.7874015 2.3503939 0.7874015 2.4212599 0 P 0
L 0.7952756 1.4566929 0.8110236 1.4566929 0 P 0
L 0.8031496 1.4488189 0.8031496 1.4645669 0 P 0
L 0.8110236 1.1023622 0.8267716 1.1023622 0 P 0
L 0.8110236 1.2007874 0.8267716 1.2007874 0 P 0
L 0.8188976 1.0944882 0.8188976 1.1102362 0 P 0
L 0.8188976 1.1929134 0.8188976 1.2086614 0 P 0
L 0.8503937 1.8858269 0.9212597 1.8858269 0 P 0
L 0.8582677 0.9488189 0.8740157 0.9488189 0 P 0
L 0.8582677 1.0472441 0.8740157 1.0472441 0 P 0
L 0.8622047 1.2598425 0.8779527 1.2598425 0 P 0
L 0.8622047 1.3582677 0.8779527 1.3582677 0 P 0
L 0.8661417 0.9409449 0.8661417 0.9566929 0 P 0
L 0.8661417 1.0393701 0.8661417 1.0551181 0 P 0
L 0.8700787 1.2519685 0.8700787 1.2677165 0 P 0
L 0.8700787 1.3503937 0.8700787 1.3661417 0 P 0
L 0.8858267 1.8503939 0.8858267 1.9212599 0 P 0
L 0.9488189 2.3858269 1.0196849 2.3858269 0 P 0
L 0.9566929 0.9488189 0.9724409 0.9488189 0 P 0
L 0.9566929 1.0472441 0.9724409 1.0472441 0 P 0
L 0.9606299 1.2598425 0.9763779 1.2598425 0 P 0
L 0.9606299 1.3582677 0.9763779 1.3582677 0 P 0
L 0.9645669 0.9409449 0.9645669 0.9566929 0 P 0
L 0.9645669 1.0393701 0.9645669 1.0551181 0 P 0
L 0.9685039 1.2519685 0.9685039 1.2677165 0 P 0
L 0.9685039 1.3503937 0.9685039 1.3661417 0 P 0
L 0.9842519 2.3503939 0.9842519 2.4212599 0 P 0
L 1.019685 1.1062992 1.035433 1.1062992 0 P 0
L 1.019685 1.2047244 1.035433 1.2047244 0 P 0
L 1.027559 1.0984252 1.027559 1.1141732 0 P 0
L 1.027559 1.1968504 1.027559 1.2125984 0 P 0
L 1.0354331 1.8858269 1.1062991 1.8858269 0 P 0
L 1.0708661 1.8503939 1.0708661 1.9212599 0 P 0
L 1.1023622 0.4055118 1.1181102 0.4055118 0 P 0
L 1.1023622 0.503937 1.1181102 0.503937 0 P 0
L 1.1102362 0.1968504 1.1259842 0.1968504 0 P 0
L 1.1102362 0.3976378 1.1102362 0.4133858 0 P 0
L 1.1102362 0.496063 1.1102362 0.511811 0 P 0
L 1.1181102 0.1889764 1.1181102 0.2047244 0 P 0
L 1.1181102 1.1062992 1.1338582 1.1062992 0 P 0
L 1.1181102 1.2047244 1.1338582 1.2047244 0 P 0
L 1.1259842 1.0984252 1.1259842 1.1141732 0 P 0
L 1.1259842 1.1968504 1.1259842 1.2125984 0 P 0
L 1.1496063 1.3267717 1.1653543 1.3267717 0 P 0
L 1.1496063 1.4251969 1.1653543 1.4251969 0 P 0
L 1.1574803 1.3188977 1.1574803 1.3346457 0 P 0
L 1.1574803 1.4173229 1.1574803 1.4330709 0 P 0
L 1.2007874 0.1968504 1.2165354 0.1968504 0 P 0
L 1.2007874 0.4055118 1.2165354 0.4055118 0 P 0
L 1.2007874 0.503937 1.2165354 0.503937 0 P 0
L 1.2086614 0.1889764 1.2086614 0.2047244 0 P 0
L 1.2086614 0.3976378 1.2086614 0.4133858 0 P 0
L 1.2086614 0.496063 1.2086614 0.511811 0 P 0
L 1.2480315 1.3267717 1.2637795 1.3267717 0 P 0
L 1.2480315 1.4267866 1.2637795 1.4267866 0 P 0
L 1.2519685 1.8503937 1.2677165 1.8503937 0 P 0
L 1.2559055 1.3188977 1.2559055 1.3346457 0 P 0
L 1.2559055 1.4189126 1.2559055 1.4346606 0 P 0
L 1.2598425 1.8425197 1.2598425 1.8582677 0 P 0
L 1.3144076 2.3076629 1.3537776 2.3076629 0 P 0
L 1.3340926 2.2879779 1.3340926 2.3273479 0 P 0
L 1.3503937 1.8503937 1.3661417 1.8503937 0 P 0
L 1.3582677 1.8425197 1.3582677 1.8582677 0 P 0
L 1.4015748 1.1535433 1.4173228 1.1535433 0 P 0
L 1.4015748 1.2047244 1.4173228 1.2047244 0 P 0
L 1.4055118 1.8503937 1.4212598 1.8503937 0 P 0
L 1.4094488 1.1456693 1.4094488 1.1614173 0 P 0
L 1.4094488 1.1968504 1.4094488 1.2125984 0 P 0
L 1.4128328 2.3076629 1.4522028 2.3076629 0 P 0
L 1.4133858 1.8425197 1.4133858 1.8582677 0 P 0
L 1.4325178 2.2879779 1.4325178 2.3273479 0 P 0
L 1.503937 1.8503937 1.519685 1.8503937 0 P 0
L 1.511811 1.8425197 1.511811 1.8582677 0 P 0
L 1.519685 2.3110236 1.535433 2.3110236 0 P 0
L 1.527559 2.3031496 1.527559 2.3188976 0 P 0
L 1.5708661 2.1496063 1.5866141 2.1496063 0 P 0
L 1.5708661 2.2480315 1.5866141 2.2480315 0 P 0
L 1.5787401 2.1417323 1.5787401 2.1574803 0 P 0
L 1.5787401 2.2401575 1.5787401 2.2559055 0 P 0
L 1.5944882 0.3307087 1.6102362 0.3307087 0 P 0
L 1.6023622 0.3228347 1.6023622 0.3385827 0 P 0
L 1.6181102 1.0314961 1.6338582 1.0314961 0 P 0
L 1.6181102 1.1259843 1.6338582 1.1259843 0 P 0
L 1.6181102 2.3110236 1.6338582 2.3110236 0 P 0
L 1.6259842 1.0236221 1.6259842 1.0393701 0 P 0
L 1.6259842 1.1181103 1.6259842 1.1338583 0 P 0
L 1.6259842 2.3031496 1.6259842 2.3188976 0 P 0
L 1.6692913 2.1496063 1.6850393 2.1496063 0 P 0
L 1.6692913 2.2480315 1.6850393 2.2480315 0 P 0
L 1.6771653 2.1417323 1.6771653 2.1574803 0 P 0
L 1.6771653 2.2401575 1.6771653 2.2559055 0 P 0
L 1.7480315 1.4527559 1.7637795 1.4527559 0 P 0
L 1.7480315 1.5511811 1.7637795 1.5511811 0 P 0
L 1.7559055 1.4448819 1.7559055 1.4606299 0 P 0
L 1.7559055 1.5433071 1.7559055 1.5590551 0 P 0
L 1.7716535 0.6338583 1.7874015 0.6338583 0 P 0
L 1.7716535 0.6732284 1.7874015 0.6732284 0 P 0
L 1.7795275 0.6259843 1.7795275 0.6417323 0 P 0
L 1.7795275 0.6653544 1.7795275 0.6811024 0 P 0
L 1.8070866 1.9173229 1.8228346 1.9173229 0 P 0
L 1.8070866 2.0157481 1.8228346 2.0157481 0 P 0
L 1.8149606 1.9094489 1.8149606 1.9251969 0 P 0
L 1.8149606 2.0078741 1.8149606 2.0236221 0 P 0
L 1.8464567 1.4527559 1.8622047 1.4527559 0 P 0
L 1.8464567 1.5511811 1.8622047 1.5511811 0 P 0
L 1.8543307 1.4448819 1.8543307 1.4606299 0 P 0
L 1.8543307 1.5433071 1.8543307 1.5590551 0 P 0
L 1.8661417 0.9173229 1.8818897 0.9173229 0 P 0
L 1.8661417 1.0157481 1.8818897 1.0157481 0 P 0
L 1.8740157 0.9094489 1.8740157 0.9251969 0 P 0
L 1.8740157 1.0078741 1.8740157 1.0236221 0 P 0
L 1.9055118 1.9173229 1.9212598 1.9173229 0 P 0
L 1.9055118 2.0157481 1.9212598 2.0157481 0 P 0
L 1.9133858 1.9094489 1.9133858 1.9251969 0 P 0
L 1.9133858 2.0078741 1.9133858 2.0236221 0 P 0
L 1.9645669 0.9173229 1.9803149 0.9173229 0 P 0
L 1.9645669 1.0157481 1.9803149 1.0157481 0 P 0
L 1.9724409 0.9094489 1.9724409 0.9251969 0 P 0
L 1.9724409 1.0078741 1.9724409 1.0236221 0 P 0
L 1.980315 0.511811 1.996063 0.511811 0 P 0
L 1.988189 0.503937 1.988189 0.519685 0 P 0
L 2.0678905 0.5836178 2.0836385 0.5836178 0 P 0
L 2.0757645 0.5757438 2.0757645 0.5914918 0 P 0
L 2.0984252 1.3188977 2.1141732 1.3188977 0 P 0
L 2.0984252 1.3937008 2.1141732 1.3937008 0 P 0
L 2.1023622 0.8661418 2.1181102 0.8661418 0 P 0
L 2.1023622 0.964567 2.1181102 0.964567 0 P 0
L 2.1062992 1.3110237 2.1062992 1.3267717 0 P 0
L 2.1062992 1.3858268 2.1062992 1.4015748 0 P 0
L 2.1102362 0.8582678 2.1102362 0.8740158 0 P 0
L 2.1102362 0.956693 2.1102362 0.972441 0 P 0
L 2.1417323 0.3110236 2.1574803 0.3110236 0 P 0
L 2.1496063 0.1299213 2.1653543 0.1299213 0 P 0
L 2.1496063 0.2322834 2.1653543 0.2322834 0 P 0
L 2.1496063 0.3031496 2.1496063 0.3188976 0 P 0
L 2.1574803 0.1220473 2.1574803 0.1377953 0 P 0
L 2.1574803 0.2244094 2.1574803 0.2401574 0 P 0
L 2.1968504 1.3188977 2.2125984 1.3188977 0 P 0
L 2.1968504 1.3937008 2.2125984 1.3937008 0 P 0
L 2.2007874 0.8661418 2.2165354 0.8661418 0 P 0
L 2.2007874 0.964567 2.2165354 0.964567 0 P 0
L 2.2047244 1.3110237 2.2047244 1.3267717 0 P 0
L 2.2047244 1.3858268 2.2047244 1.4015748 0 P 0
L 2.2086614 0.8582678 2.2086614 0.8740158 0 P 0
L 2.2086614 0.956693 2.2086614 0.972441 0 P 0
L 2.2401575 0.3110236 2.2559055 0.3110236 0 P 0
L 2.2480315 0.1299213 2.2637795 0.1299213 0 P 0
L 2.2480315 0.2322834 2.2637795 0.2322834 0 P 0
L 2.2480315 0.3031496 2.2480315 0.3188976 0 P 0
L 2.2559055 0.1220473 2.2559055 0.1377953 0 P 0
L 2.2559055 0.2244094 2.2559055 0.2401574 0 P 0
L 2.2952756 1.0236221 2.3110236 1.0236221 0 P 0
L 2.2952756 1.1220473 2.3110236 1.1220473 0 P 0
L 2.2952756 1.1771654 2.3110236 1.1771654 0 P 0
L 2.2952756 1.2755906 2.3110236 1.2755906 0 P 0
L 2.3031496 1.0157481 2.3031496 1.0314961 0 P 0
L 2.3031496 1.1141733 2.3031496 1.1299213 0 P 0
L 2.3031496 1.1692914 2.3031496 1.1850394 0 P 0
L 2.3031496 1.2677166 2.3031496 1.2834646 0 P 0
L 2.3779528 0.1181102 2.503937 0.1181102 0 P 0
L 2.3779528 2.4409449 2.503937 2.4409449 0 P 0
L 2.3937008 1.0236221 2.4094488 1.0236221 0 P 0
L 2.3937008 1.1220473 2.4094488 1.1220473 0 P 0
L 2.3937008 1.1771654 2.4094488 1.1771654 0 P 0
L 2.3937008 1.2755906 2.4094488 1.2755906 0 P 0
L 2.4015748 1.0157481 2.4015748 1.0314961 0 P 0
L 2.4015748 1.1141733 2.4015748 1.1299213 0 P 0
L 2.4015748 1.1692914 2.4015748 1.1850394 0 P 0
L 2.4015748 1.2677166 2.4015748 1.2834646 0 P 0
L 2.4409449 0.0551181 2.4409449 0.1811023 0 P 0
L 2.4409449 2.3779528 2.4409449 2.503937 0 P 0
